Namespace(batch_size=64, num_epochs=100, lr=0.001, weight_decay=0.001, nll_tol=0.0001, separate=False, layer_sizes=[3, 60, 2], activation='relu', transform='relu', if_z01=False, if_zall=False, cuda=False, seed=None, data_dir='toy_data', data_file='data_10k_rho_0.6.pkl', result_root='results', model_no=0, N_train='10k_rho_0.6', data_train='train_10k_rho_0.6.pkl', data_dev='dev_10k_rho_0.6.pkl', data_test='test_10k_rho_0.6.pkl', scenario='model_H60_relu_relu_0.001_no0', output_dir='results/model_H60_relu_relu_0.001_no0', K=3, J=2, init_params=[Parameter containing:
tensor([[ 0.2105,  0.0062, -0.2885],
        [-0.1797,  0.1985, -0.2800],
        [ 0.4510,  0.4912,  0.3221],
        [ 0.0588, -0.2509, -0.1543],
        [ 0.1979,  0.5512,  0.0338],
        [-0.2944, -0.1366, -0.5008],
        [ 0.4852, -0.5615, -0.3079],
        [ 0.4538, -0.3616, -0.1294],
        [ 0.3805,  0.5460,  0.3618],
        [ 0.2633,  0.1456,  0.0651],
        [-0.3833,  0.5288, -0.4894],
        [ 0.3675, -0.2053,  0.2561],
        [-0.1740,  0.5395,  0.3253],
        [ 0.0756,  0.2427, -0.3189],
        [ 0.4981, -0.4215,  0.5452],
        [ 0.3738, -0.4125,  0.3666],
        [ 0.5655, -0.0465,  0.5296],
        [ 0.4563, -0.0670,  0.3235],
        [-0.5656, -0.5045,  0.5514],
        [ 0.5124,  0.0472,  0.0105],
        [ 0.5127, -0.0447, -0.1046],
        [-0.2884,  0.4242, -0.0301],
        [ 0.3872, -0.3765,  0.3808],
        [ 0.3564,  0.5613, -0.1807],
        [-0.2293, -0.2369, -0.4215],
        [-0.1698,  0.4609, -0.1432],
        [ 0.2783,  0.3694,  0.3763],
        [-0.5371, -0.4521, -0.0776],
        [-0.2563,  0.1364,  0.0190],
        [ 0.0936,  0.4189,  0.1019],
        [ 0.0188, -0.1362,  0.2363],
        [ 0.3197,  0.4983,  0.5333],
        [-0.3482, -0.3308,  0.5088],
        [ 0.4137,  0.4808,  0.3195],
        [-0.1436, -0.0888, -0.4380],
        [ 0.5690, -0.0248,  0.2847],
        [-0.4652, -0.0182, -0.0851],
        [ 0.4505,  0.2247,  0.1618],
        [ 0.4911, -0.5423,  0.2292],
        [-0.2887,  0.2926, -0.0474],
        [-0.5568,  0.0415, -0.4866],
        [-0.0434, -0.5435, -0.3581],
        [ 0.0845,  0.4561, -0.4090],
        [-0.2479, -0.2317, -0.0758],
        [ 0.5265, -0.1440, -0.1551],
        [-0.5647,  0.0288, -0.2726],
        [ 0.1605, -0.1320, -0.3236],
        [ 0.0113,  0.2365, -0.1637],
        [-0.5760,  0.4434, -0.0584],
        [ 0.4863, -0.2679, -0.5278],
        [-0.1804, -0.0493,  0.2340],
        [ 0.5205,  0.1143,  0.2608],
        [ 0.1470,  0.0800,  0.3700],
        [-0.3176, -0.3152, -0.3944],
        [ 0.5043,  0.2323, -0.2755],
        [ 0.2778, -0.5682, -0.5379],
        [ 0.1040,  0.1429,  0.5361],
        [ 0.4811,  0.0851,  0.4289],
        [-0.2022,  0.1737,  0.4791],
        [-0.4665, -0.1755,  0.2364]], requires_grad=True), Parameter containing:
tensor([ 0.1248, -0.3050,  0.4038,  0.5560, -0.0760,  0.4903,  0.5493,  0.2580,
         0.2306, -0.2863,  0.3000, -0.5304,  0.0234, -0.4364, -0.0778,  0.4558,
        -0.2022, -0.0403,  0.2720, -0.3080,  0.0071,  0.4066, -0.0664,  0.4973,
         0.5750, -0.0445,  0.5530,  0.1214, -0.3087, -0.2939, -0.4637,  0.5354,
        -0.4320, -0.4128,  0.5079,  0.2407, -0.4797,  0.5148,  0.0609,  0.4819,
        -0.2557,  0.5339, -0.1085, -0.2127, -0.2049,  0.0990,  0.3573,  0.5005,
         0.0913, -0.0994, -0.5448, -0.0770, -0.1512,  0.1002, -0.1890,  0.2367,
         0.0365, -0.3736,  0.2646,  0.2421], requires_grad=True), Parameter containing:
tensor([[-0.0467,  0.0826, -0.0266, -0.0213, -0.1129,  0.0487, -0.0231, -0.0091,
          0.0637,  0.1155,  0.0411, -0.0513,  0.0780, -0.0358, -0.0680,  0.0230,
          0.1274, -0.0063, -0.0482,  0.0191,  0.0674,  0.1015, -0.0607,  0.0251,
          0.0611,  0.0404,  0.0455, -0.0462,  0.0498,  0.0177, -0.0419, -0.1100,
         -0.1138, -0.0748, -0.0341, -0.0587,  0.0427,  0.0720,  0.1271, -0.0993,
          0.0655,  0.0081,  0.0354,  0.0857,  0.1082, -0.1197, -0.0732, -0.0348,
          0.1290,  0.0034, -0.0610,  0.1008,  0.0640, -0.1237,  0.0568,  0.1041,
          0.0358,  0.1191, -0.0634, -0.1017],
        [-0.0958,  0.0403,  0.0564, -0.1279, -0.0811, -0.0911,  0.0085, -0.0221,
         -0.0582,  0.0425, -0.1249,  0.0727,  0.1255, -0.0871, -0.0789,  0.0387,
         -0.0121, -0.0514, -0.0658, -0.0025,  0.0048, -0.0120, -0.0675,  0.0726,
          0.1192, -0.0557,  0.1027, -0.0335, -0.0012, -0.0252,  0.0693,  0.0595,
         -0.1223,  0.0559,  0.0922, -0.0481,  0.1000,  0.0428, -0.0994, -0.0144,
         -0.0002,  0.0890,  0.1060, -0.0862,  0.0373, -0.0293, -0.0783, -0.0412,
          0.0444,  0.0431, -0.0523,  0.1097,  0.0794, -0.0238,  0.0042, -0.0395,
         -0.0327,  0.0952, -0.0288,  0.0658]], requires_grad=True), Parameter containing:
tensor([-0.0531,  0.0567], requires_grad=True), Parameter containing:
tensor([[0.8195]], requires_grad=True)])