Namespace(batch_size=64, num_epochs=100, lr=0.001, weight_decay=0.001, nll_tol=0.0001, separate=False, layer_sizes=[3, 60, 2], activation='relu', transform='relu', if_z01=False, if_zall=False, cuda=False, seed=None, data_dir='toy_data', data_file='data_10k.pkl', result_root='results', model_no=0, N_train='10k', data_train='train_10k.pkl', data_dev='dev_10k.pkl', data_test='test_10k.pkl', scenario='model_H60_relu_relu_0.001_no0', output_dir='results/model_H60_relu_relu_0.001_no0', K=3, J=2, init_params=[Parameter containing:
tensor([[ 0.5045, -0.1181, -0.4551],
        [ 0.3157, -0.1062,  0.0359],
        [ 0.3654,  0.0215,  0.1580],
        [ 0.5019, -0.1734, -0.0928],
        [ 0.4781, -0.1441, -0.5724],
        [ 0.5342, -0.2822, -0.0842],
        [ 0.5322, -0.3758,  0.1520],
        [ 0.4585, -0.2660, -0.3981],
        [-0.3069, -0.1516, -0.0015],
        [ 0.5728,  0.2617,  0.0683],
        [-0.0210,  0.0523,  0.4758],
        [-0.3312, -0.2302, -0.4317],
        [-0.5701, -0.4365, -0.0435],
        [-0.3602, -0.5100, -0.2474],
        [-0.2948, -0.3713,  0.1603],
        [-0.1212, -0.4903,  0.0061],
        [ 0.1656,  0.5673,  0.5594],
        [ 0.5763,  0.3134,  0.1627],
        [-0.1869, -0.3181, -0.0942],
        [ 0.5618, -0.3028, -0.5590],
        [ 0.2201, -0.2818,  0.2641],
        [ 0.4735, -0.4672,  0.0353],
        [-0.0210,  0.2906,  0.0569],
        [-0.5017, -0.0800, -0.1035],
        [-0.3755,  0.4065, -0.0277],
        [ 0.0798,  0.5622, -0.2719],
        [-0.2124, -0.4002,  0.2819],
        [ 0.3199,  0.2042,  0.4230],
        [ 0.5269,  0.3069, -0.2914],
        [-0.1012, -0.5765,  0.1351],
        [ 0.0369,  0.3097,  0.0437],
        [-0.1982, -0.2924,  0.1267],
        [ 0.5752, -0.4432,  0.5092],
        [ 0.4462,  0.1714, -0.3912],
        [-0.0284,  0.5231, -0.0905],
        [ 0.4308,  0.3000,  0.4775],
        [ 0.2659, -0.1640, -0.0918],
        [-0.4352, -0.4800,  0.5461],
        [ 0.5751,  0.0505,  0.4643],
        [-0.1428,  0.4665,  0.4094],
        [ 0.3640, -0.1298, -0.1675],
        [ 0.0927,  0.0727,  0.0901],
        [-0.4811, -0.3664,  0.5487],
        [ 0.4402, -0.2298, -0.2327],
        [-0.2574, -0.2041, -0.5615],
        [-0.3297, -0.5420,  0.5446],
        [-0.5316,  0.3553,  0.0053],
        [ 0.5406, -0.1567, -0.0243],
        [ 0.3534, -0.0622,  0.3892],
        [-0.5369,  0.2458, -0.2197],
        [ 0.4465, -0.0246, -0.2445],
        [-0.1416,  0.5007,  0.1017],
        [-0.4332,  0.1741, -0.0444],
        [ 0.1755, -0.1533, -0.0747],
        [-0.4786,  0.0895, -0.1870],
        [ 0.4408, -0.0736,  0.4730],
        [ 0.2330,  0.5270,  0.5298],
        [ 0.2748, -0.2660, -0.1556],
        [-0.5684, -0.0405,  0.5493],
        [-0.2743,  0.4245,  0.1787]], requires_grad=True), Parameter containing:
tensor([-0.5218, -0.1352, -0.2472, -0.5743,  0.5379,  0.2141, -0.5003,  0.3637,
         0.1914,  0.4855, -0.4849, -0.4679, -0.2732,  0.0560, -0.0152,  0.0886,
        -0.3217,  0.3633, -0.0195,  0.1869,  0.0758, -0.2516,  0.4456, -0.0185,
         0.3209,  0.2462,  0.1700,  0.0552, -0.0288, -0.3282,  0.4163, -0.2255,
        -0.3917, -0.0481,  0.1932, -0.4274,  0.4065, -0.0135,  0.4946, -0.2483,
         0.3634,  0.2426, -0.5492,  0.1416, -0.1218, -0.4462, -0.4420,  0.2085,
         0.2403, -0.0437,  0.1505, -0.2818, -0.4119, -0.0669, -0.5014,  0.0323,
         0.4659, -0.3310, -0.0084,  0.0932], requires_grad=True), Parameter containing:
tensor([[ 0.0547,  0.0738, -0.1135,  0.0015,  0.0710, -0.0925, -0.0159,  0.0563,
          0.0438, -0.0416, -0.1040, -0.0935,  0.0822,  0.0306,  0.0989, -0.0109,
         -0.0319,  0.0478,  0.0259,  0.0378,  0.0802,  0.1158, -0.1089,  0.0645,
         -0.0204, -0.0084, -0.1194,  0.0204, -0.1088,  0.0514, -0.0762,  0.0517,
          0.1289, -0.0086, -0.0613, -0.0747,  0.0361,  0.0488, -0.0826,  0.0416,
          0.0992,  0.0960,  0.0136,  0.1036, -0.0776, -0.0527,  0.1205,  0.0889,
          0.0693, -0.0615, -0.0255, -0.0656, -0.1132,  0.0628, -0.0520,  0.0193,
         -0.0311, -0.0683, -0.1230,  0.0887],
        [ 0.1045,  0.0509, -0.0244,  0.0383,  0.0499,  0.1123,  0.1084,  0.0690,
         -0.0949,  0.1019, -0.0511,  0.0940,  0.0806,  0.0476,  0.0846, -0.0411,
         -0.0049,  0.1040,  0.0355,  0.0205,  0.0259, -0.0784, -0.0934,  0.1118,
          0.0088, -0.0217, -0.1231, -0.1104, -0.0824,  0.0800,  0.0647, -0.0613,
         -0.0730,  0.0234, -0.1030, -0.0493,  0.0134, -0.0494,  0.0713, -0.0481,
         -0.1026, -0.0800,  0.0589, -0.0141,  0.0990,  0.0279, -0.0581, -0.0449,
         -0.0253, -0.0145,  0.0860, -0.0658, -0.0610, -0.0501, -0.0008,  0.0675,
          0.0438,  0.0031, -0.0903,  0.1248]], requires_grad=True), Parameter containing:
tensor([-0.0102, -0.1258], requires_grad=True), Parameter containing:
tensor([[0.7408]], requires_grad=True)])